1537
4050
4298
5769
6529
2499
1522
3641
5136
3511
2532
5086
3326
6213
1465
3992
2064
4099
5720
4683
3833
5622
4495
5728
6309
1552
5269
2714
4705
4643
4105
6074
1345
2062
1371
1289
4655
5116
844
4839
3026
3966
5488
5579
589
5291
299
3932
2063
6482
1052
4077
942
5689
2052
1143
2352
6144
6572
2106
3793
2681
5860
4399
4404
623
5206
3727
5285
2537
2253
969
5991
6461
2953
1005
5592
3535
6559
6129
323
5546
5738
3429
5868
5101
5273
1236
4547
3814
598
2605
2750
4657
4822
3692
579
5565
6497
3311
6604
1847
5787
105
4561
1723
4719
2943
4896
3579
882
4780
2784
4769
4432
4540
1743
3675
3242
1074
3116
5870
930
4422
2576
2658
160
1529
5333
4904
3518
306
2904
2146
2680
3969
1760
1984
1944
239
834
6620
971
839
1665
2917
2472
6137
574
6345
2449
2483
774
5808
2514
4699
379
440
1899
2245
748
1603
2121
5011
4248
1100
1575
1382
6547
1660
6470
4882
4952
5869
2617
2020
1679
599
6224
3877
3925
3507
580
939
6177
5515
1319
4059
2485
330
4703
3824
1059
472
2628
4991
3699
1494
2305
1030
1058
3561
4947
6128
5245
6212
5910
3135
369
268
3412
3451
2914
3784
6173
5231
1149
2171
893
100
4773
3218
983
4458
227
1606
6383
4403
3538
4680
2454
5252
6130
5788
4711
3267
5478
4546
2136
5754
1218
6220
2448
924
4429
1258
5854
4693
6223
1353
5806
260
102
2008
557
2541
4704
394
2649
4330
2154
4023
3905
3482
2669
1731
1016
5628
5524
2888
6541
5096
542
4934
13
2397
4914
1683
3657
1968
1996
3926
1993
2648
6729
1277
4439
3227
667
620
1373
2782
597
4562
6288
5021
3731
6285
3246
6356
1367
1824
5904
3141
595
4392
5507
4346
3473
2827
1363
73
1219
6044
2626
2102
4916
4171
4836
5321
6449
1357
420
1253
2581
3347
427
6267
2100
3420
2147
2080
4758
502
4413
2073
3017
1313
5258
6726
1875
1025
5053
1564
2920
5707
2243
3546
6875
5845
4807
1279
443
3523
215
4716
1376
2550
1108
3825
3050
5162
2597
6019
3897
3193
4001
4281
2280
811
4866
6424
4550
4284
5449
3645
5513
2756
2956
2276
2138
6577
5161
3423
6306
3322
2611
279
363
2909
1203
1054
4689
5721
3947
2103
2753
6181
4351
5805
5349
3292
4757
3804
5484
6073
4126
3059
6799
5429
1349
3626
2559
5209
4454
4617
1205
5359
6602
4945
1997
3726
4438
1523
4510
1151
6568
3960
1406
4316
2890
430
5467
4449
6376
2717
1325
4978
6962
3476
3964
4148
1584
3303
2995
5705
5541
4487
1013
2973
6058
2853
3672
2874
5733
2447
5943
2453
5304
151
2595
4120
1350
5093
1816
1821
5644
3936
4491
4707
4473
2216
6685
4283
2293
496
964
4041
2471
2861
1328
4453
3963
1485
1858
3342
4309
1250
5255
2815
124
5157
5171
4129
5760
2513
6072
1341
6056
5167
3846
978
4585
3357
4366
6495
3132
4428
3200
337
6703
6326
3689
6826
4325
3563
3133
6687
3687
2113
4647
3817
1828
3284
4092
1446
6790
5119
3081
4235
5578
1041
4027
1187
6415
4628
5457
6735
4782
1591
5993
3736
1226
2013
2464
2405
21
2183
3634
6478
5137
2868
5708
2333
975
4759
3532
4847
5965
3419
3290
7014
508
2779
5777
4739
6829
3965
4685
2796
2391
1619
1741
2987
6101
308
4516
163
803
7029
2160
428
1121
1550
2860
3631
5511
1294
3774
543
2558
1237
383
1484
5492
5423
5949
3054
6994
6060
435
869
5242
4520
499
2413
6365
4800
2986
524
3502
342
6724
1833
1509
2957
3015
1715
2291
1192
1211
5407
6695
2600
57
950
6937
52
187
5778
5823
2703
6161
2433
3981
675
885
3931
4464
6847
3508
4045
2161
6351
1790
3582
208
5533
5920
5542
5410
3130
1451
6397
6588
5186
6949
903
3045
4448
2283
1463
6530
5550
1347
4258
3381
3610
2388
1467
7147
4117
237
4559
5909
318
696
1042
4393
356
4152
6248
3772
2712
6209
1470
1306
6878
721
5228
3454
1768
5462
3442
3524
6801
6760
4958
2691
4116
6172
7178
5799
507
3953
7165
5237
4460
6338
6828
2259
2451
291
3369
6965
43
6759
5343
768
5764
1386
6549
5723
1868
1438
704
2067
5416
949
4987
2181
3022
39
5570
2664
2692
5519
2130
4768
148
4610
674
1822
1263
6265
4834
5942
1191
3588
5082
6091
6691
2598
5884
1879
609
6928
6908
5169
7110
1169
6646
3145
4635
6762
5931
473
7136
5865
272
3593
1012
3732
1479
1688
3632
5336
7312
5785
2151
6401
5982
3030
161
3948
6095
4632
4709
282
1678
7032
4697
224
71
664
3640
3315
3009
1838
6528
1001
4959
1831
3587
1478
1855
4765
2475
3222
2759
6049
4884
410
400
1301
2309
4415
776
1506
3472
162
2416
632
4305
7015
7049
6684
4753
1643
3225
3920
2950
5980
2573
7175
5490
4840
7364
5153
4021
2536
4636
7311
2742
3460
5611
1815
1164
2361
3601
7260
3614
5804
2179
5361
5711
555
6501
3862
3069
4999
577
3760
5243
2474
4815
2129
1864
3808
60
1254
1596
5276
2033
4619
5665
4213
1209
3230
3831
2089
2728
4909
5298
1088
5698
5183
2344
5878
2443
4824
3714
6189
5368
5441
2790
4310
4615
2989
4443
4145
1710
2324
1839
6272
5543
7152
7414
4299
4808
1950
3076
7287
6399
787
845
4897
3164
3927
944
916
6391
2877
2193
7239
6417
4244
836
5037
3299
7415
2225
1167
3696
710
5039
6295
1389
5453
5234
7075
1429
5235
4972
1368
790
4831
5127
4048
2994
4193
1904
156
5487
5460
477
6281
2289
6299
1189
900
4036
222
7354
5960
4344
5810
8
5500
3850
4194
6403
374
7425
4984
2693
6451
5440
4469
1343
1128
5619
6328
5820
4419
1827
1375
5172
4110
5345
2381
197
7063
5286
3060
2686
177
713
2366
2831
3426
2835
2521
2019
1549
4948
3949
2723
4721
766
3844
1795
1387
3481
1872
6940
4005
5902
6662
437
4184
6851
7223
495
5498
7351
1271
7325
4770
5604
5280
5581
5555
3205
7155
6324
6717
7485
2633
5199
3961
818
4197
4391
6183
7252
6329
6271
6207
879
5616
6335
6069
3191
7094
1206
3650
5824
180
4538
1503
497
5990
720
375
5106
6180
4274
2190
7426
5837
3908
4789
690
1243
3968
6430
6506
6733
5024
2476
3240
221
2492
977
2426
5667
1295
5105
247
7246
912
4887
5655
6789
4669
1946
3979
1813
41
763
2286
3002
5948
7204
5207
4827
5397
2258
2495
7527
897
3310
7041
5474
3289
7190
4627
4365
6704
6280
3236
1931
5800
6553
5970
1163
3840
4097
278
3847
3873
7168
1248
7532
5518
4042
3688
6156
281
3012
1587
4349
6664
404
6883
6304
2384
5763
754
2358
1901
2979
2575
5914
6894
7348
771
6561
7177
6564
3266
3439
5946
97
5512
4362
3571
7181
4216
4017
635
7592
2165
3690
6444
382
489
7209
3471
4823
4494
3117
4329
3497
5674
5387
877
4227
2677
650
3499
5204
588
5877
2516
4821
1734
570
1268
1673
7403
4772
3783
4455
7731
3233
5986
4440
3278
4156
7173
4140
1690
1305
5419
2408
4236
1022
2524
3360
405
980
1493
1809
1439
504
2498
6037
1354
1709
799
4723
2592
2701
6458
4381
7247
4966
7523
4809
5451
7249
447
6149
7464
2441
3362
6781
4910
6215
1889
7028
6373
676
3498
4112
7468
6241
5184
6426
1269
6708
7812
6707
7188
487
2373
7703
1348
726
6944
7140
1805
1396
2998
2838
1615
3237
3106
3407
3084
4733
6939
7067
3496
2175
5501
6125
2144
6756
6793
62
1184
6420
6895
3940
7669
5090
4182
4311
2343
5124
6892
967
6310
5300
7220
1965
1826
28
3252
4678
2543
6170
2578
4526
2480
3078
933
7797
6916
2187
7025
6876
2068
7286
5757
354
5464
878
1808
925
525
2809
3663
4994
2016
648
953
7398
4688
5606
2604
2711
2359
1836
3408
3121
6929
6848
7590
1912
139
107
2510
1565
995
1283
6580
5664
1010
5566
136
2684
1545
7758
6866
5744
6582
965
1007
6006
5357
2446
339
2115
3449
67
7848
2672
741
2056
7231
1021
4130
1156
6465
4341
3067
7313
5202
327
7925
4943
7477
4094
1274
1212
6653
5798
6742
2688
7332
6980
1256
2588
1724
6886
175
1391
4694
5666
6709
7788
5981
7615
2808
1644
2822
6066
810
0
4214
7450
5004
1786
6218
4633
2562
6637
6486
2959
4180
4088
4986
154
6348
4587
6679
7298
2675
7195
5883
4142
2081
1556
6413
1655
3904
5128
4581
5925
466
5825
5589
957
3479
3656
1769
6496
137
14
3146
6508
2266
5371
3995
6182
2679
4198
1540
5342
4668
4508
178
5170
2748
15
167
1394
5901
1700
4009
2572
3859
4306
1668
3228
1998
6740
1621
607
1362
4712
1512
2698
5957
6511
501
4603
1469
352
37
1106
4499
1870
1290
1197
5175
1195
6384
1216
2891
4263
1648
5195
4166
1985
5580
91
4911
2970
994
6115
4091
5732
4141
4287
4425
6777
324
3209
6443
1329
5639
996
4946
1664
347
1183
5094
131
6498
6809
1652
4764
6635
4132
4149
2010
3786
4179
2315
1574
1614
3382
3721
3790
3678
1933
5217
6737
3458
4370
2767
1966
3306
4348
5065
2621
1764
1067
2606
3098
6053
3088
5040
6927
3701
479
5661
5653
4762
5730
2226
1230
6633
2682
3962
1508
3864
2166
505
2349
4204
1751
78
4064
3950
5409
5450
4327
4019
6028
331
5393
3411
2977
6521
4407
2326
1620
364
6845
6232
4531
3276
3388
3063
6854
3123
5998
3149
649
2494
1544
4826
2159
4225
4752
283
3528
2770
1759
4898
5348
6693
4232
2570
6778
6563
2635
3967
1580
3782
3102
750
2800
5632
1337
450
4571
390
4755
5613
6642
5372
6861
2772
3697
2824
50
5573
3398
6150
1670
1892
5670
2039
5964
2234
3355
1704
633
2059
702
3583
6447
2403
2246
5534
4771
6364
3109
1862
6143
4586
5000
6973
6483
793
193
2755
27
1588
3743
4408
6206
6313
1726
5287
4138
1401
2907
6405
5477
3863
6400
5835
5179
4328
4065
6221
1502
3093
857
3010
5504
468
5097
1686
5049
5849
2741
3226
3894
5952
1633
367
1981
5069
6850
5107
6806
760
4199
1482
3375
3157
2855
1332
59
4811
3480
7008
6500
3719
4616
241
1761
4459
1084
3261
712
3996
2085
2249
6016
5682
3639
3120
3770
4354
3828
5354
3764
4797
5482
245
4969
2079
6492
5475
3618
2430
6123
3280
2255
2231
5923
3830
2883
3794
4025
445
1475
1882
6233
315
288
3265
77
5274
5355
2340
4970
3232
1682
2412
4496
1105
3574
5672
3552
1958
1567
1612
6194
2887
6623
1175
4729
3365
4040
387
3799
6004
1511
5999
840
3871
5710
5727
4592
5703
6835
5562
2960
5668
526
1605
3930
5013
4278
5494
1388
672
3806
6080
2841
4286
3745
5230
3019
636
3985
4087
7194
3685
6047
3895
1495
1730
3092
3879
449
606
3698
7070
3624
44
4905
556
5963
5954
1789
1578
4998
4338
5876
4659
546
2014
1338
6743
4997
5042
5056
4504
5208
5271
3390
2404
3099
6051
6499
5089
5248
5295
1532
2820
4084
2270
3244
6666
6797
4398
3842
7334
3883
2163
2937
777
7200
571
4457
5658
6162
5340
2251
1033
4713
2439
2905
1400
51
2659
831
1125
6555
33
2565
2587
1559
4321
4060
6092
2125
3713
248
6976
7034
3115
2915
2546
655
1577
2438
861
4234
3880
5075
5807
6606
4785
4476
4869
1252
4493
4895
3309
6981
1797
5277
2668
1099
4856
1462
54
3512
3339
709
3557
1035
5633
6398
1437
2143
7087
3803
1954
740
2213
220
140
5811
7056
3380
4231
4935
55
1609
974
739
1207
1945
2257
3264
4832
7283
5881
5624
4255
101
3142
6769
6960
1547
2105
1031
4423
2417
4372
3987
6160
7095
2345
2202
5537
6668
5939
3923
3089
5602
2660
1608
3577
6307
3452
1742
1483
4806
7237
174
9
2751
3775
1312
3147
5922
624
6114
4722
918
3114
6738
482
4992
2908
6061
3509
5862
4026
6871
2872
3492
4557
7083
1168
195
5791
298
534
1666
1324
4521
5158
2958
1708
1136
5432
4675
2194
738
6275
3906
5222
3072
4514
1874
4242
5316
5789
4259
6349
2497
3001
5132
1695
1681
253
2300
6250
1331
1589
3622
5719
4467
3857
5702
3943
5610
7474
6896
6924
7518
3446
4243
6392
7264
724
4539
7355
3766
2347
6009
1990
3581
4732
2662
5596
6780
2886
6010
914
7218
3749
5151
4863
5997
6731
7368
3150
6887
7202
1551
64
693
3056
2221
5224
3036
5223
4549
2505
791
6534
5194
30
3275
2110
2729
5648
2374
3171
1669
257
2022
1749
5123
1663
6681
166
5196
92
7596
1590
6514
397
2952
2542
2094
3217
310
6269
2316
1069
304
5928
2211
2452
605
1359
4639
6278
5203
3991
2478
4185
2150
5164
7156
3823
2017
6554
2737
4369
4219
7288
2528
7591
5026
708
6333
1974
2695
6378
3248
7257
2744
6031
3769
5404
4047
3235
1454
5638
5796
2356
4133
3082
1308
4095
7529
2152
4151
2108
4400
7076
6379
2988
4702
4139
2667
4028
5836
1047
6969
3006
727
1137
1131
378
6510
2556
2525
5485
7301
7509
1541
2272
61
6661
6017
817
6104
5002
422
4936
773
7379
4072
3440
7653
2423
1630
3119
6098
90
3596
1961
5014
641
4588
5275
2467
2789
5337
2123
2743
4923
353
3821
256
7463
683
4552
6327
6196
5421
3576
3752
4687
5896
1651
699
3753
3260
7189
3208
3662
3779
2444
7280
1635
5614
6711
6372
714
250
510
5794
7465
6463
3159
6716
6389
5301
767
4308
6919
7569
4917
3599
6772
297
7061
408
4144
313
943
2192
6821
4554
527
4652
2991
7167
312
6505
2460
1757
3572
6377
3046
2393
3438
6083
7243
3735
277
5198
3999
5380
1983
587
2462
7352
626
4682
5246
628
3118
3886
386
5176
955
1916
2005
3488
2284
2919
6859
5951
7302
3457
7053
6590
3888
1431
966
6570
5240
6813
417
3763
6805
4505
5332
2506
1019
1036
3418
4134
4355
1851
1910
7117
7079
1176
6026
4690
1940
7445
2420
3368
2932
5047
7738
1498
1881
7000
1788
2186
5574
5091
2705
7113
4018
7380
4551
862
4741
770
6112
7124
7484
902
7608
2029
2250
1649
5307
2177
2869
5461
7069
4848
2389
6359
659
5486
703
7550
841
689
2519
613
4301
2930
2719
3580
3112
1255
3131
5968
4567
7908
7381
1266
3602
4638
7309
2377
6889
5018
3204
5043
3405
3885
7854
892
7620
6332
5192
3456
5508
7410
572
4224
7657
5509
749
1869
6910
7248
1530
6237
6576
6319
2070
4624
4029
3335
3341
2655
1200
5427
2718
677
529
7116
3100
1321
388
5892
1395
7273
5312
1947
4572
3952
1336
6787
3890
290
2896
6371
4731
5842
1747
7137
6509
7303
4075
406
6630
7123
7511
7820
5888
7245
3422
7011
5847
1677
4963
5961
7266
5104
3415
6331
2332
3547
5085
3651
4389
3194
2735
4965
6103
4089
3903
3539
2170
5713
6611
2493
2224
4623
6978
1311
7051
2916
2548
3554
5582
5283
4206
7068
6830
1251
1309
5815
3234
692
5470
1777
815
5663
244
5083
4480
455
4818
4862
7096
4830
3568
4137
292
1070
6446
4290
4727
2840
1182
106
3401
4368
223
6178
2215
7179
5936
6532
1770
6148
5338
6674
5812
170
685
1096
2601
2290
4195
858
79
3250
2740
2858
2112
3187
3729
6411
2149
922
5547
4437
6925
5654
53
3020
6651
1765
2829
7082
1433
856
2921
5008
3914
1583
2432
3345
5983
4174
2634
2881
1779
5662
5264
6375
2132
6869
6857
1190
6591
4976
1935
3860
2378
3134
3680
6739
1900
4875
6918
3826
3590
1335
511
3220
6524
380
4861
601
1616
5335
4717
3822
4596
3447
5406
4982
3391
6744
5288
6008
1087
2569
6108
2320
2646
3238
1557
7316
6199
1732
6689
305
910
3620
5081
2371
5994
1558
2285
5147
4654
74
7081
3467
2212
2758
4597
276
4350
5108
7345
1261
1627
2459
7030
6581
152
255
6567
3654
4016
3757
7157
4262
1994
3781
2903
2795
5356
583
5938
1599
1898
5724
2642
2843
4892
5801
1507
75
6075
7329
2776
2401
4073
7290
6583
2969
2899
530
3759
2442
3108
2845
6464
5506
5495
6370
1129
7158
1834
6634
3849
3330
1894
6692
1193
7215
6467
1244
4245
5761
3021
1491
171
1886
2527
4940
2375
828
3543
3263
5706
5122
5885
7418
706
7411
3066
7317
6672
3359
1696
654
2018
3638
2985
6652
4880
7371
6404
7470
1497
5251
1344
4002
3702
5087
1906
6641
6434
2084
1595
20
4240
5866
6712
1245
2368
6485
3761
5629
340
610
2153
236
126
7121
6846
4793
1725
336
6748
1492
88
3219
6774
2206
3465
3560
5514
1061
6011
2360
1520
5669
5384
2961
5950
937
6761
962
4158
1333
3489
5213
2566
608
7182
2135
2781
3374
591
1257
6179
3269
4519
1850
537
7524
3867
2806
2335
1728
7461
5634
3589
5545
746
7161
199
4405
4478
23
1719
2734
6043
5677
6904
4205
1650
4679
4169
3044
2318
5510
1089
4058
1661
3296
6950
2346
4748
666
7327
111
7278
76
5780
3308
7548
5373
3014
3661
2422
3741
3970
6832
4957
6321
7267
5599
7438
3400
1654
7528
5930
2295
3604
1897
6291
2118
6118
1351
6096
7584
270
4433
899
7588
5560
1920
2238
7473
3466
3113
4563
3975
1534
3956
1796
211
2925
1166
6746
5229
729
4893
680
3585
446
6933
6127
2650
6594
1304
3364
2261
1638
5006
2710
3705
4445
7234
7125
4173
7582
5770
7455
3085
6133
6779
6292
1952
932
3101
3612
3201
694
5007
852
2104
5088
1185
2383
1340
5029
2922
2812
5017
5260
7133
539
1399
7604
5044
4412
4472
3584
2114
4257
486
6798
4650
4593
7659
4553
5154
582
6294
7369
6763
1717
7199
2239
4728
5740
129
6410
4544
5650
2269
6441
7496
1034
7638
5143
7436
2040
7565
334
3625
232
592
7254
4035
5054
491
5173
2436
3941
6665
682
7449
4720
5838
2599
4252
4431
5924
5341
45
6986
6551
5905
640
1259
2431
370
205
1942
2214
1342
521
3314
7469
6273
5109
7
1787
4221
3443
6536
7736
7047
7422
6713
5244
6473
5133
7360
6747
2639
4870
6239
4872
2612
7358
4686
6136
4191
3073
567
7363
4013
3160
7262
3052
6282
6438
1276
5831
1891
128
697
5465
2429
5430
7552
5856
6082
1300
6158
5564
6589
3383
4275
1421
3474
805
5521
4931
625
201
5386
4949
7164
569
3827
7174
4006
4977
3183
6157
1784
7798
2050
7077
1553
3294
7625
7675
2379
4135
4304
7149
1932
4004
6785
2544
127
6723
1794
1602
4925
5775
2275
7090
5182
3286
4754
7700
4506
5437
1908
6964
1514
3791
2848
7655
3325
5906
2864
5584
1264
7689
7766
1147
558
3616
1223
2218
4670
300
4339
935
5413
1689
1645
6106
3549
5554
663
4165
7139
2178
2517
5731
6571
2087
3181
4181
6956
7187
7765
3386
4644
4742
904
5095
6909
6855
6603
5891
2071
887
5111
5001
212
4953
695
118
4383
338
4210
3758
5556
4188
3189
4177
438
3317
6905
1685
1073
1548
4663
4446
4260
603
2338
6469
7685
7387
396
946
2885
4067
3436
1
3023
5266
3210
3986
3110
7308
5895
6204
6428
3852
2623
2526
7443
5774
1139
5932
1487
6166
3074
7012
7307
2463
1369
6592
2406
3207
1063
3241
3402
954
6926
200
1011
289
2140
4022
5100
3304
4212
3771
6040
3503
2944
4792
6658
1528
1393
2200
1262
7065
1967
4208
7491
6005
1560
5704
4261
678
5414
130
827
3445
1716
3551
1287
2929
2256
150
6050
2629
1204
4503
4207
4343
3717
2749
3007
4641
6402
6990
7423
3635
1926
2962
343
6032
5292
5620
4465
3531
851
4032
4878
982
6325
3820
5797
2264
7251
5605
3740
7456
5394
1028
1352
6142
1455
2
6655
4564
4915
4888
5063
1877
7453
4178
1755
6512
5585
6263
2620
3037
895
421
5455
5686
6842
1859
2137
113
6503
5966
5558
3606
2287
6834
5370
2023
1930
6579
7045
6343
3353
6063
1658
1576
2131
2398
3796
785
5603
1370
5863
190
1721
6089
5233
6296
7035
2240
568
3039
5984
1242
3884
4223
6736
6488
3441
4580
3495
5448
4906
745
6358
7236
7296
3432
7059
6087
6967
2127
7497
6728
5557
4604
6226
6033
4113
5383
157
3637
2867
3096
1410
2722
1866
5155
7341
993
8470
8840
9037
8219
9023
8013
8863
9721
9280
8654
9835
9755
8091
9799
9777
9809
9363
8335
8575
8692
8741
9334
8271
9247
8384
9893
9717
8376
8596
8121
9003
8977
8878
8887
9361
8557
9559
8565
9344
8914
8041
9435
8055
9373
9713
9343
9415
8671
9027
9578
8425
8830
8966
9688
8873
9496
9362
9066
9185
9194
9144
9097
8026
9704
8874
8696
9035
9164
8551
8240
9705
9016
8222
8889
8818
8784
8314
9090
9413
8317
9513
9665
8391
8084
9348
8857
8437
8728
9852
9638
8912
8239
9698
9826
8453
9876
9807
8250
8535
8964
9482
8377
8277
9610
9290
8986
8987
8578
8685
8800
9601
8285
9122
9196
9692
8905
8843
8060
8506
8769
8058
9263
9397
8566
9491
8216
9030
8481
8637
8341
9846
8333
8489
8265
9667
8960
8158
8518
8765
8522
9847
8092
8294
8361
8796
9190
9455
9340
9939
8754
9148
9655
9212
9854
8762
8087
9425
9058
8182
9940
8622
8584
8953
8630
9024
8834
9602
9094
9953
8913
9781
9652
9149
9266
9857
8648
8679
8134
9888
8674
9689
9383
9114
8095
9129
8636
8422
8519
8672
9669
8683
9855
8548
9309
8746
8144
9112
8106
9785
8708
9769
8675
9546
8707
9394
8443
8242
9464
9796
9497
8136
9157
8184
9132
9619
8559
9250
9085
9382
8135
8379
9284
8094
8191
8097
9920
9926
9050
8824
9390
8167
8691
9411
8931
9071
9145
8243
9788
8813
8198
8105
8558
8188
8941
9008
9319
8722
8272
8916
9906
8759
8658
9554
8515
9389
9754
8404
8716
9289
8936
9850
8687
8395
8322
9502
9651
8678
8367
8469
8647
8448
8768
9108
8893
9436
8995
8132
8083
8460
8468
8431
8839
8487
9063
9795
9521
8681
9659
8876
9815
8463
9107
8776
8074
9075
8896
9867
9740
8396
8423
9441
8860
9699
9262
8767
8005
8527
9649
8545
8669
8166
8881
9010
9553
8436
9416
8772
9333
8152
8501
8816
9662
8713
9724
9199
8296
9648
8635
9776
9072
9556
9038
9062
8312
8052
8016
9255
9784
9575
9155
8455
9686
8076
9515
9380
9540
8044
8349
9232
9742
9197
8526
9858
8638
9186
8650
9563
8459
9110
9307
9184
9581
9743
8102
8510
9131
9596
9002
9283
9498
9048
8371
8360
8007
9853
8003
9134
8664
9746
8846
9088
9087
8975
8267
9541
9400
8203
9709
8441
9236
8552
9599
8947
8991
9694
9701
9028
9231
8283
8137
8269
8851
9738
9225
8625
9437
9611
9409
8865
9116
9118
8498
9658
8946
8315
9522
9714
8895
9051
9801
9335
8009
9504
8108
8403
9056
9574
8170
8699
8329
9908
9900
9375
8362
8145
9895
8229
8196
8163
9980
9766
8850
9337
9064
9017
8949
8583
9832
9620
9354
9882
9911
9327
9278
9141
8248
8245
8051
9230
8755
8795
9797
8880
8211
9635
8532
9308
9569
9417
8919
9773
8529
9434
9656
8206
8753
8554
8729
9668
8628
8467
9113
9243
8434
8872
8984
9861
9833
9512
9634
9812
9921
8358
9490
9442
8417
8639
9957
8190
8101
9928
8952
8774
9366
8483
8045
9471
9734
8080
9206
8680
9105
8973
8563
9183
9036
8347
8430
9763
9676
9237
8826
8992
8486
8156
8382
8023
8706
9177
8386
9912
8328
9026
9061
9224
9316
9624
9302
8368
9172
8760
9641
9495
8877
9616
8721
8598
8197
9509
8237
9109
8627
8869
8904
8718
8218
9690
8164
8264
9938
8071
9083
9547
9293
9423
9065
9273
8626
8359
8684
9878
8402
9180
8452
8086
8663
9582
8541
8001
9419
8607
9007
8323
9675
9368
8174
8069
9930
9757
8732
8807
9800
9514
9956
9493
8820
8017
9954
8897
9025
8899
9917
8287
9117
8458
8155
9198
9381
9330
8104
9561
8162
8413
9304
8200
9139
9730
9633
9567
8374
9706
8225
8142
8788
8201
9607
8251
9483
8194
9933
9904
9679
9844
9128
8433
8898
8958
9572
9049
9387
9834
8884
8763
8634
8110
8181
8230
8048
9617
9385
9873
9640
9472
8757
8141
8149
9253
8493
8082
8603
8357
9707
8924
8148
8316
9790
9369
8709
9739
9406
8129
8020
8930
8866
9595
8345
9839
9328
8666
8892
9551
9560
9208
9475
8350
9478
9277
9089
8449
9029
9267
9246
9257
9942
8427
8592
9818
8656
8989
8002
8275
9593
9780
8890
8700
8457
9503
9525
8908
9000
8093
9719
9274
9674
8533
8938
8929
9414
8098
8555
8511
8056
8133
8036
8940
9872
8782
9577
9898
9364
9941
8693
9470
8894
9836
8921
9228
8943
8620
9242
8154
9460
8961
8935
9310
9879
8503
8337
8825
8747
9146
9485
9347
8406
9765
9288
8253
9772
8737
8085
9181
9791
9458
9758
9972
8214
9291
8043
9474
9821
8346
8962
9950
9159
9332
8569
8252
8175
9804
9597
9039
8059
8114
8652
9070
8209
9762
9774
8562
9910
9811
8301
9760
8701
9609
9042
9517
8332
9282
8643
9086
8970
8927
8000
9451
8859
8408
8313
9297
9914
8799
8113
9735
8262
9710
8508
9103
8150
8254
9533
9376
9252
8599
8018
9505
8364
9693
8244
8480
9286
9936
9768
8424
9211
9949
8705
8318
9205
8783
8363
8770
8388
8779
9034
9962
9700
9613
8462
9702
9234
9421
8994
9750
8257
8775
9158
8336
9625
9870
9233
8290
8786
9510
9410
8193
9073
9352
9783
9894
9558
9865
8123
8247
9536
9461
9095
8802
8140
8959
8712
9462
8151
8067
8308
9672
9937
9753
9608
9342
9203
8756
8801
8107
8215
9903
8289
8281
8119
8235
9130
8868
9182
9101
9041
8655
8223
9200
8030
8327
8723
8531
9167
9837
9697
9897
8528
8147
8282
9399
9918
9529
9213
8454
9314
9324
9222
8965
9069
8593
8352
9935
9677
9989
8369
9902
9588
8999
8660
8022
9093
9802
8029
9005
8472
9570
9153
8300
9880
8032
8740
8888
9046
8633
9859
9621
8130
9420
8418
9163
9722
8212
9215
9943
8146
8153
8793
9803
8392
8720
8226
9661
9331
8112
9209
8509
9012
9082
8389
9639
8956
8507
9459
9924
8735
9054
9737
8399
8853
9303
8644
9968
9204
9605
8476
8432
8161
9238
9565
9891
9152
8651
8400
9975
8442
8426
9004
8116
8331
9241
9480
9011
9508
8870
9350
9794
9637
9664
9927
8180
9355
9013
9971
9254
9256
9492
8967
9165
9886
8355
8232
8715
8614
8861
8580
9428
9407
8186
9429
9467
9732
8847
8099
8761
9466
8321
9550
9890
9770
8605
9896
8613
8900
9925
9279
9147
9691
9487
9168
8273
9229
9580
9974
9133
9292
9217
9156
8780
9473
9341
9759
9786
8220
8394
8549
9210
8609
9426
8405
8100
9269
9298
8054
8849
9816
8909
9384
9973
9576
8702
9643
9311
9142
9178
9189
9631
9329
8504
8490
9539
9201
8343
9537
8256
8690
9078
9136
8491
8330
9457
8019
8885
8571
8169
8210
9843
9969
9614
9099
8310
9966
9239
9076
8407
8109
9427
8590
8160
8521
8689
8471
8882
9055
8624
9499
9687
8688
8985
9840
8694
8103
8514
9151
9271
8398
9728
9216
9081
8572
8307
9408
9851
8758
9887
9789
9351
8604
9323
8806
9367
9501
9264
9100
9545
8499
9137
8645
9160
8516
9202
8831
9265
8963
8791
9986
8864
9733
8306
8547
8821
9338
8320
8631
8534
8231
8790
8670
9806
9305
9626
8933
8727
8062
9450
9603
8812
8556
8697
8070
8195
8177
9632
9822
8295
9573
9052
9170
9447
9552
8657
8380
9591
9484
9175
9127
8724
9875
8719
9357
9657
9685
8068
8260
8957
9764
9006
9905
9486
9874
8710
9091
9135
9322
9845
9084
9977
9392
8004
8038
9396
8523
8792
8378
8172
8937
8025
9810
8015
9564
9275
9248
9981
9646
9670
9549
9779
8485
8298
9033
8444
9645
8233
9958
8920
9752
8714
9594
8804
8139
9666
9123
8090
8805
8993
9967
9731
8473
9519
9589
9393
8736
8852
9438
8564
8014
8428
8375
9642
8798
8138
9532
9741
9432
8505
8586
8838
9830
9214
8477
8063
8031
8227
9469
9439
8915
8980
9527
8280
8810
9805
8168
9045
9978
8875
9430
8524
8171
9285
9150
8550
8456
8496
9881
9219
8034
9963
9627
8610
9320
8241
9312
8258
8187
9960
8302
9945
9946
8078
8998
8183
8393
8372
9647
9991
8623
9111
8061
8836
9983
9952
8088
9346
9587
9479
9251
8544
8844
9947
8089
9353
9660
8390
8124
9696
8464
9984
9628
9295
8632
9221
9403
9220
8324
8342
9444
8573
8037
8339
8981
8122
8835
8703
9562
9623
8615
9856
8261
9001
9612
9345
8466
8945
9951
9226
8594
8542
9465
9813
8819
9022
9663
8033
8982
8412
9538
9259
9258
8305
9511
8420
8040
8127
9240
8024
8488
8066
8356
8028
8906
8228
8661
9452
9336
9102
8011
8642
8855
9379
9863
9349
8567
8990
8856
8608
8591
9244
8665
8749
8640
8027
9446
9583
8117
8259
8344
8766
9543
8809
9092
8401
8276
8911
8304
8745
9848
9418
8988
8185
9162
9318
8179
8039
8621
9431
8047
8131
8111
9359
8249
9300
9682
9445
8787
9294
9104
8717
9412
9585
9994
8923
8971
8948
9871
8771
9889
8348
8046
9456
9948
9454
9557
9636
8303
9793
9500
9726
8334
8176
8726
8165
8495
9934
8676
8832
9174
9015
9708
8842
8932
9433
9604
9618
9931
9849
9749
9166
8075
8833
8049
8808
9828
8189
9862
8536
9718
9923
8451
8543
9192
8926
9360
8484
9767
8561
8482
8530
9630
9299
9995
8461
8619
9296
8891
9449
9883
9736
8925
9365
9218
8065
9654
8435
9899
8115
8612
8748
9074
9695
8667
9725
8983
8479
9592
9615
8778
8010
9761
9909
9524
8340
9751
8668
8939
9756
9825
9884
9586
9405
8883
8157
8079
8968
8125
8595
8478
8447
9606
9819
8659
8618
8950
9579
8785
8126
9566
9727
8173
8474
9970
9171
8387
8208
8743
9868
8497
8284
8035
9371
9057
8858
8978
9378
9913
9985
9370
9173
9325
8279
9990
9982
9629
9555
8976
8815
9053
9020
8752
8841
9506
9716
9988
8006
8042
9272
9869
8053
8450
8081
9681
9684
8725
8579
8525
8199
8338
9531
8969
8789
8546
8917
8928
9683
8057
8886
9907
9955
8217
9402
8500
9321
9915
9326
9067
9301
9827
8373
8411
8539
9422
8325
8979
8903
8072
9729
8823
8143
9944
9188
9568
8429
9996
9191
8811
8445
8494
8365
9021
9824
8224
9098
9176
9998
8366
9864
9901
9391
9712
8238
8292
9530
8602
8734
8291
8574
9997
9374
9979
8475
9261
8742
9528
8629
8944
8649
8351
8008
9068
8419
8409
9965
9096
9987
9424
8383
9535
8942
8589
9993
9187
9031
9115
8288
9782
8128
9798
8695
9126
9077
8576
9992
8711
8570
8517
8513
8750
8704
9227
8293
8278
8653
8827
9829
8064
9976
8616
9440
8814
9720
8822
8021
9356
8246
8934
9358
9313
9477
8012
8867
9019
9489
9014
9287
8370
8922
9715
9877
9600
9079
8385
8907
8582
8577
8274
9377
8777
9771
8585
9892
8410
9443
9124
9119
9932
9598
9860
9044
8192
9922
9792
9270
9060
8299
8597
9929
8213
9673
9453
9404
8077
8440
8096
9388
8297
9744
8581
8416
9398
9653
8512
8205
8817
9866
8862
9831
8797
8739
8918
8568
9534
8698
9919
9047
8879
9584
8354
9448
8118
9787
8677
9121
8673
9161
9317
8286
8381
9838
8871
8311
8951
8901
8537
9463
9281
9043
9140
8606
9548
8270
9999
8538
9680
8221
8438
8319
8686
9885
8764
8902
9516
8848
9143
8662
9820
8997
9671
9542
9723
9268
9518
9106
9059
8646
8803
9964
9207
8263
8954
8588
8309
8465
9778
9401
8159
9169
9120
8421
9193
9590
8601
8910
8738
8415
8178
8202
8073
9315
8845
9260
9032
9571
8837
9018
9009
8492
8540
8854
8773
9235
8974
8641
9678
8234
8828
8439
9276
9703
8560
8587
8751
8733
8520
8266
8207
9494
8446
9481
8996
9154
9476
8611
9339
9814
9526
8744
9386
8781
8236
8502
9372
9488
9823
9747
8255
9080
8326
9195
9959
8600
8120
8353
9842
9249
8955
9916
8829
8972
9520
9544
9748
8682
8414
9523
8794
9817
9245
9223
9711
9808
8397
9468
8617
8050
9138
9961
9775
9125
8731
9841
9650
9622
9306
8268
8730
9507
9395
9040
9179
8553
9644
9745
8204
263
3075
711
3356
4813
1378
7506
6794
2263
536
6387
1987
733
2738
7399
5559
1863
889
5635
956
2522
110
5059
6012
5313
4396
3795
503
6305
6987
4837
1533
5058
846
2028
2470
4297
341
2134
4783
6175
618
4955
1270
1065
2006
3617
6936
2577
3865
1018
5073
4545
1714
3540
4908
2337
2469
5625
2889
2456
6849
1546
2625
6838
407
2676
4708
6140
4291
4085
561
1706
5241
29
6776
961
5735
1315
6330
6279
5067
7633
4361
7562
4030
7092
83
2330
7216
6487
1471
1292
6605
6648
3249
6595
867
7001
7033
952
3058
6694
4576
2078
5771
1738
7224
6070
2066
377
4975
6598
2689
3559
5715
4421
2798
271
4108
5072
1148
142
2579
6972
4665
3997
7481
5302
4253
1563
4385
5114
5290
6943
2235
7424
7612
7328
38
2292
2938
6386
5768
4481
1951
3273
6225
2799
7573
1835
6301
5036
891
5523
3878
7646
2638
1986
2783
1102
4189
1684
1103
5375
2489
1086
7519
3203
7623
4
7492
1227
1692
2931
5077
2720
4637
7667
6690
7559
1799
2032
4700
1501
3319
4122
6773
1979
4820
6873
434
7171
5156
5057
2223
3404
6027
5880
7494
4100
5347
7444
7699
7333
6575
1427
5033
6946
4810
2400
2926
4039
5112
3288
1697
2015
5609
6702
2870
6517
6932
6201
24
3703
3565
4479
7376
7526
5041
4579
4276
6766
7114
2440
7572
1667
3327
204
5331
366
168
559
4676
7533
5781
6122
3158
5944
5827
1029
3393
2540
7384
4983
1846
1705
538
7671
1161
3653
3642
3668
120
4057
385
2210
4295
6995
6601
357
3665
4049
7763
4238
5975
7831
93
3855
7823
2117
1999
3379
4011
7571
7784
7607
7741
7674
7458
5600
7487
7649
7538
22
2091
6067
2086
5326
6958
1048
5859
7782
5871
7230
4962
5531
2965
1712
5363
515
1144
4838
1600
7434
5636
7100
6286
788
7098
7203
6914
5743
1905
4574
2637
6489
6543
5608
5115
2613
7881
2308
734
3944
3776
4598
5529
6167
3646
991
3974
2299
2913
7722
1092
3876
1972
2539
629
3734
5530
7885
7783
2437
1181
6998
5729
2571
5377
1408
2533
7431
1848
3371
7517
2007
4787
1830
7250
3519
5028
1852
3363
3091
6460
5917
1748
441
3477
6518
5694
470
1150
7622
1720
643
1023
4648
5857
6193
1671
3000
7036
6337
4642
6836
2842
4477
1090
7162
1746
3005
7644
1412
1122
4556
5522
4331
2487
2026
6258
1002
562
2076
5445
7513
2967
1198
6856
3500
6088
5447
2847
3270
5201
198
7778
5814
2465
6363
1214
6368
3033
3748
6897
4111
6714
1275
573
6979
5953
415
7654
463
1436
7073
5598
7336
6843
1420
230
7213
1693
5974
6920
4605
1361
2004
3575
5717
5739
4409
723
1702
3338
5680
516
117
6957
2586
6422
2097
4528
7144
3660
6837
7385
2670
2739
7270
6947
6840
4523
70
4746
6274
2794
4239
1656
5422
5911
3293
576
2678
4379
951
3711
5916
1411
4900
4012
316
752
2923
2155
7085
3861
6968
2336
4740
4664
1024
6484
4517
1434
7191
233
2075
4606
3403
2814
1854
6124
639
3148
970
881
6187
707
119
5023
908
3190
7483
6336
3834
6251
5858
6300
3399
2093
1235
7642
2041
1825
6539
2169
3378
4337
4667
549
5480
5882
4055
552
5691
2180
4357
7097
564
2624
5250
3174
883
3251
2124
2849
6134
6314
3636
2482
3891
3517
1699
1326
5420
2339
5899
3428
2222
3170
86
4625
3333
3818
483
6029
4865
5489
349
1837
6208
3016
108
5852
4037
5369
1505
409
1607
1729
1157
5150
2596
5278
2090
7594
1172
5210
6626
1840
2219
3461
1694
3815
2721
3513
4333
4470
5844
4656
985
2856
6923
2545
7512
5843
6853
3011
7263
6697
6230
238
3430
6911
6898
2122
4317
870
5374
7023
2000
3128
5411
6550
6421
6872
1124
6247
7339
2380
2282
6955
1518
6210
6569
2512
2644
3295
5525
202
246
121
134
2768
5015
4960
5012
5412
2167
1334
2396
1009
4102
34
3907
4933
6519
2690
6155
6222
2801
5389
6039
2341
4249
3043
6636
6659
1676
4779
728
1160
2394
321
5772
3768
6198
4929
820
2673
7665
3105
5454
81
4397
7557
2785
4160
2636
5779
3648
5886
2567
4569
6046
3801
6699
5045
7818
4890
671
1240
872
5163
6578
769
4083
2529
1895
1504
2003
7031
532
901
3973
191
3478
1419
3282
155
6407
7119
6229
2203
4956
6197
1123
3486
7054
4507
2298
698
5947
4187
6974
2763
2568
3929
296
5129
3071
3392
5840
1782
1267
4163
1842
4356
860
3300
424
2547
6435
3609
5189
2314
5392
931
1111
1082
4608
7546
1937
4738
419
4315
7153
4056
7160
3444
2862
5751
7471
3277
968
3143
4803
7605
2425
1114
6613
909
4373
6320
7472
4164
1075
5679
3086
6445
6472
5643
7869
7748
3
5034
2897
2769
6864
6537
7367
1159
1499
6169
3385
2574
6025
1922
3902
1571
4537
6816
4577
4607
5131
7335
1116
5889
7581
7791
4522
1317
1601
3545
5435
2875
3911
5038
6431
2924
192
5032
2227
6020
7042
2082
5303
6584
7467
531
395
7760
2898
7038
849
2955
4046
6448
5197
4558
873
4196
254
2704
7577
7892
6045
2044
6284
1500
7875
2966
3199
3677
3068
6090
2209
6477
3984
4382
328
6999
5971
4706
2878
1265
5784
926
5959
786
6442
4988
986
6121
4061
7601
3406
4176
1581
7315
2852
153
2260
5767
4096
1622
3192
4410
4364
4314
6863
2834
7205
1810
7619
1941
307
6791
36
3695
825
6913
911
5080
2813
7185
2435
2176
381
3756
4159
2252
7241
2065
4894
5027
2060
3972
548
6544
4749
3838
7357
3213
3938
7593
2791
6000
6786
1060
5673
1597
7400
3049
1077
2468
5438
7106
1978
4098
6334
6985
7462
3042
863
3027
7192
267
4814
7020
3957
5752
5232
6548
6934
6597
4696
3889
5458
5289
7595
5995
6996
3937
2602
1293
2273
6078
3506
1398
5125
2906
2580
2274
4621
1585
7107
2933
5299
2982
4661
7570
2685
6629
6574
3431
5200
393
1618
2948
4926
1285
3854
5864
2715
7561
3856
6459
7127
149
4114
6257
5795
3514
1754
764
7686
1132
6290
4919
7500
7378
7013
3933
2535
5272
4922
3491
5142
1109
3901
7448
7769
843
4760
6586
7556
7478
1593
6068
7490
4974
4497
7320
6396
5517
6673
3954
5476
7694
1762
5084
471
4512
7080
6757
6252
1360
5532
5177
58
1071
181
5756
3485
3562
3872
1014
7184
3832
3172
4082
6698
3177
3555
7626
5152
1878
2488
3708
506
3605
1233
5146
1356
7540
2911
1291
1423
1641
6394
4378
203
4541
2025
1377
7007
3707
6471
814
4044
4015
4851
6710
1561
7409
228
4394
6945
2912
2355
700
3028
1744
6596
2051
329
6644
5471
7815
416
3881
4778
6476
7103
523
5817
865
7660
4121
6176
3810
2351
3433
5293
3161
2804
4842
4264
3370
1867
2657
5848
4334
5988
4078
4326
4312
2615
7555
5378
2607
1481
295
2427
4660
6339
1068
7822
6808
4461
3623
5436
2244
1884
4123
7460
5681
2802
7551
2964
3184
6907
7222
1818
2027
7238
3715
3592
2879
3231
7637
6164
4860
6015
1296
3710
3570
3909
7071
6479
3255
6879
7792
2752
6084
3534
3136
7435
7579
7732
103
1489
5366
736
5786
4589
2099
184
2198
6085
2386
2515
240
3395
3652
4384
7515
3462
2095
1911
1772
1115
3307
1113
3025
1586
7635
2201
3494
5496
6520
4377
7762
6186
4483
4777
5745
7277
4583
1472
4601
5178
4864
792
2999
992
6573
2980
3346
3417
4744
3195
2918
6191
4804
3530
4038
219
2645
3529
7544
414
2555
3835
6126
719
4074
145
4841
1385
6645
5647
2585
5388
3807
1110
7693
4320
2473
1303
960
6959
701
3469
7663
3586
947
3971
1513
3427
1713
2643
7495
4868
4229
7404
5424
3866
4885
4442
1145
42
1554
6640
4802
1365
4674
7108
4996
5315
3188
6099
5685
2254
3257
3843
859
4489
2199
6538
138
3065
2725
5742
7719
116
2043
6427
1515
7439
6367
5130
40
1222
3536
3738
2511
1032
801
4155
6227
6440
4418
2229
7567
6231
1448
7498
1973
1225
7338
1510
3910
2450
456
7146
4353
320
6494
5597
4093
2974
6881
1989
2236
7126
1383
7558
2148
1703
1767
4725
3928
5048
6347
4796
2185
4590
5607
3573
1917
758
796
762
1662
4743
6841
3080
4584
3594
2057
16
6412
3978
5912
1051
1093
1800
1053
2288
3140
1215
6153
5979
6885
4420
125
1220
7662
7314
2654
1405
4024
3619
2963
7330
6253
6480
2775
802
5062
2871
7830
2458
1913
7834
7876
4626
1003
7099
4192
6021
7742
3196
5737
65
1392
6059
7102
2901
518
7372
3139
3664
1517
5725
1441
3788
4069
3351
1107
1318
5969
2590
4468
2012
7631
5539
7229
210
3283
6003
6418
535
5551
104
7681
7163
1464
2327
6649
7488
6607
4119
2666
2884
1379
7786
6758
6688
4941
1657
490
743
5549
3077
5861
3676
3627
800
6340
5803
5933
5019
4230
3750
194
5753
1286
7437
273
6654
3166
4543
2407
2011
5590
3389
3898
5479
5675
3414
5690
4241
3597
7725
7408
2141
6120
4879
7962
4416
4109
6868
7863
5822
4452
7112
5134
7516
2297
3516
3272
3813
7396
550
4565
7027
6839
314
3048
159
6882
399
1355
5187
2993
7715
3413
7598
2910
4233
6931
959
251
1450
7580
7701
2946
2382
2557
2941
7006
4360
6615
1893
3659
1453
7198
35
6165
484
753
5833
7120
621
2640
5701
1963
5700
6993
7726
432
5297
645
12
7359
1672
3955
392
3179
4968
6627
3945
7624
1064
425
4833
5282
6289
1231
3483
1480
3615
3202
294
1101
6814
1026
6647
7321
7207
7677
453
6259
2133
4414
1232
5867
7547
2893
371
5254
4730
7717
82
7630
1179
4927
1792
5076
1626
2128
1442
4251
517
4594
6827
4358
7066
2833
7310
114
7150
7466
3630
7716
4063
3344
3450
2392
4080
5516
1468
2531
2671
2325
4844
4873
5802
1486
973
1461
5671
6706
413
2158
3709
2992
5612
5323
2410
2594
6374
3673
540
5657
6750
1707
1339
5020
938
4724
293
5894
4854
6423
7698
5212
596
2727
280
7768
3425
389
209
575
4964
4435
644
31
7037
3259
7696
876
7391
6600
2188
6753
7089
2627
5660
7048
448
6899
3372
7018
498
3167
7679
6077
5417
6527
732
3765
1397
4645
7737
2055
3053
7864
7750
563
1909
6318
6675
958
7851
673
5379
2157
7507
4570
6350
5219
6395
5025
6890
302
5180
1873
6877
7714
1091
7406
2419
7337
1971
5265
2267
1956
7206
7375
3724
5594
5055
1903
3035
1390
2387
1241
7274
7078
7641
6490
1535
948
6132
3343
5325
3332
1634
5793
467
6935
5425
1177
6116
2233
6388
4051
1880
1443
1637
7275
7775
4671
1221
2509
355
4930
7545
6202
5306
2844
4482
5401
4981
2589
6277
5415
5395
3712
1902
7755
7534
6982
6639
3394
6369
5540
1814
5615
1445
7652
4302
4535
3683
1364
3354
6038
6560
4352
112
6355
3797
6474
6599
5135
7603
4532
6298
554
4852
4136
2810
6858
7052
4147
1158
7757
6523
1199
7010
460
6293
6754
5651
5145
4932
3613
7159
705
7522
4784
1853
7486
6951
6900
2054
5071
1793
3387
4979
3686
7233
4805
7602
5263
6884
1531
26
4273
1938
5659
4010
1081
1043
1297
3151
4684
1887
3103
6792
5362
6024
7846
4662
661
3869
7293
265
6718
6587
4220
4883
1452
3811
5365
2217
2859
2647
6502
5444
528
999
1284
6002
5576
2191
4265
7914
2608
5226
2746
6683
3107
6342
1004
806
3156
7728
7634
25
718
2603
3848
218
4530
7340
4761
4118
5973
1701
3787
494
3537
3882
2390
4079
3349
2220
1281
3649
6382
5174
5976
6475
2306
4534
7201
6062
2553
7016
7668
5110
4515
4319
7482
7640
868
1280
775
3628
7086
4371
5568
5452
7366
5937
1807
6344
1154
7684
4081
7718
6671
1020
1414
4714
6752
5977
6953
4246
5630
6322
3247
5617
3004
2819
5324
586
7661
1970
5985
1104
3747
5776
5472
4226
1407
1610
2196
7292
2369
7058
6152
7819
2486
7258
6616
7712
196
2614
2724
5339
317
4456
824
5989
7433
2990
1735
1366
4618
6556
3090
3305
5160
2247
6266
813
6593
7813
5642
1939
2823
611
252
1888
2836
6228
6466
4269
6255
5121
1592
7413
945
7564
7256
2049
7734
1027
1775
7705
4250
6481
5188
6535
5218
2651
2323
176
6200
1569
4599
2402
3223
3723
4828
4513
6192
7816
5821
4913
3716
593
5898
3887
1358
2069
6409
4795
5714
3318
4153
7682
1752
7814
4867
5956
5792
7172
6865
3643
4737
2319
2696
5553
6870
6782
423
5855
3256
3870
594
553
7708
853
6988
5567
6991
7910
461
772
3916
2508
6454
3137
7586
4924
3600
7040
2164
5060
4509
4167
1977
1000
6686
1727
7421
1642
7945
7295
7261
135
5897
6891
7929
11
7225
226
1680
5262
7599
3693
7901
185
3896
4649
3287
3733
1639
7884
3083
4939
462
7208
2500
6076
5945
6146
6159
7749
3313
4363
4698
1636
1876
7489
1921
235
3607
4285
847
7142
1521
7810
5391
6610
4335
6930
5310
6287
7405
4995
898
602
6323
3946
1625
1426
2174
458
1409
5678
3094
7389
7361
7326
5214
5887
5051
2265
1925
2773
7104
6903
2479
143
3681
2996
1844
6100
4066
4411
1617
3468
5873
5828
6802
7809
7589
4267
5168
2663
7862
1038
2197
2837
7304
1459
7244
797
5819
214
7678
6205
7553
2762
5003
1403
6184
7549
4211
4294
5220
7873
1722
5641
4529
3858
3762
319
7767
372
4390
284
6381
1675
2630
7419
7021
3410
7393
2616
4858
6086
7265
5483
98
2564
604
6722
391
6622
2760
5311
7680
87
3556
5211
5734
7196
2484
7429
3463
6678
6660
6416
452
7931
551
1229
3316
2882
7801
5236
874
7128
3988
997
7909
1044
866
5103
19
7521
875
1152
2036
1432
4734
6632
5070
5367
3127
4701
7982
2030
2939
2424
6628
5221
5699
3670
3104
7785
7629
7183
4500
6219
3211
1298
6244
850
807
7365
941
4380
4942
1992
4277
6542
5839
7440
4747
1488
4613
744
7781
5790
5903
4209
5709
3178
5079
7297
2699
4043
5571
4902
6001
2502
3521
6811
3667
6775
3785
1820
6018
2697
716
4162
1117
4104
2357
2053
5408
3691
1845
7318
325
2900
4921
6171
1823
5712
6921
835
3679
7578
755
998
7382
2002
7575
7356
1631
1982
6346
6970
2593
47
3197
5309
1841
1943
4855
789
5344
4256
1142
1249
7921
6922
612
984
7776
326
3328
1327
6540
5399
361
3336
2792
5520
4611
848
6190
48
6917
3993
4150
7803
7597
3527
2821
6107
2038
6961
1756
7284
1037
1095
7895
509
6764
4486
5308
7536
5120
795
684
7842
3917
2119
3239
4292
3274
7861
2418
4566
5360
68
398
1753
906
4424
6361
7841
7259
7836
2902
6831
5747
3900
7733
6317
6844
2035
5118
823
5736
5748
2940
6217
6954
3520
3384
3684
513
7709
4889
7751
7600
4715
2954
4816
2726
2271
1173
4427
5940
1380
2350
5908
520
3470
7824
1849
333
1957
144
4920
679
742
3874
7780
6151
1803
6989
492
4426
7046
4157
547
4340
4143
7828
5402
7856
7299
779
7672
928
6055
5328
5216
6013
522
4614
5918
1080
7787
6408
7394
6804
5755
3366
6023
7024
7002
4374
4474
1372
6631
4217
5353
4876
7754
5431
7772
6243
7057
3742
2805
670
7974
3337
7322
7988
1771
7683
348
7976
5676
5538
3942
2048
4203
3302
7845
2786
1995
4877
3990
1416
4498
4268
5046
5098
115
1085
4751
5649
7118
2376
7300
4903
1417
4323
7232
7370
1050
2362
3773
1918
2851
6276
5257
6912
1923
2713
2334
7176
351
731
2584
1543
345
85
7291
6297
4441
2042
2865
4582
6260
4202
5935
1210
7009
7850
216
7130
5627
5872
2242
4573
7060
3041
5074
1783
7789
303
5327
4511
5688
1568
3144
7115
5829
17
519
5270
7805
7800
622
5626
6353
7154
6513
5505
833
6526
759
7539
7134
4646
7145
7271
5
1098
2317
7849
4471
7064
3367
475
7944
2491
2365
6139
4536
6071
4819
4989
533
5446
3129
3522
2523
4843
7576
3912
7574
514
5595
765
7135
6256
5759
5919
3271
7643
1907
4488
1119
7221
3595
4651
2434
3070
1536
5390
6064
4937
7628
3977
169
6533
4086
5826
5915
6174
7499
1914
2457
6663
7759
1566
4524
2873
1860
5403
4993
6585
3185
7839
2687
4829
7383
3700
402
4961
3224
3396
4107
465
715
871
6236
2653
5967
5284
5009
309
2304
842
478
6624
3352
4658
6111
2268
7442
5695
3658
5139
1126
7132
5851
1832
7412
3424
249
7240
2936
2764
2228
1239
3013
6093
311
7808
231
7138
7877
7084
2811
1260
637
3780
5640
5261
4444
784
6545
7690
6546
2928
1171
4735
2331
1272
4825
614
1733
4324
4053
4798
4106
3464
5238
2342
1798
147
7447
3558
2207
5749
1056
717
7771
6432
1278
4950
6833
7855
7401
1299
1307
5575
7896
488
6971
2780
963
829
1217
7858
1829
1542
1330
5716
5294
2145
7531
7950
1083
2709
7934
7627
7227
2538
1006
6456
1843
1496
2083
7992
6035
5144
7721
3633
2561
2609
6705
4620
4575
262
822
72
6817
3939
6825
2092
1527
1430
566
7346
3262
3819
7794
7912
4501
2656
7774
886
3124
2279
5376
1466
1955
3922
4070
1490
1582
6948
3409
5050
7918
2248
1927
5526
5138
7860
4967
7639
6617
7026
4801
1288
2237
3087
7903
1740
431
7907
737
4786
1817
6696
5166
7282
7882
3704
5078
7129
5832
158
1959
5459
5092
2560
894
6677
7441
7279
4345
2787
6522
7723
5279
3913
5364
6504
6749
1141
3031
1174
6741
634
5818
7867
5593
7835
4322
2747
10
6081
7777
2610
1953
4677
2490
7865
3175
1424
6938
1456
936
2184
3778
2009
7609
7656
5497
4781
5544
5225
4485
6682
5066
5588
5428
433
4846
1112
3329
3767
1687
362
7978
2045
6888
4907
2116
186
6102
7193
7219
5992
4718
4401
2972
2021
7535
2708
5722
459
7349
2047
1473
2876
2208
5102
6820
3550
7740
5503
3875
2372
132
1316
3839
2520
411
4300
5987
7044
4125
3951
2774
7504
5267
7917
3694
5684
109
905
3980
919
4222
4591
1234
412
5334
1579
2126
6414
2694
7347
7566
2563
6254
32
4190
920
6767
7796
7109
5113
6433
855
7987
2618
2277
1613
4154
179
1736
7039
2399
7911
1739
7811
1322
66
7514
2551
2745
3725
7922
6147
182
3548
1418
264
6650
6041
4296
923
6264
1555
4183
1162
3720
6188
3253
500
4672
1604
783
6966
5572
3162
656
6105
7407
6771
7707
7948
747
4600
7793
5536
229
7650
1780
485
4850
7211
274
2927
5548
6429
7871
7692
7843
1422
3746
6135
2111
4766
4131
6452
5652
7610
5499
7868
907
7857
6030
3490
2302
3268
7730
3153
6715
2674
4928
1196
2895
5773
7101
4128
3163
4172
7093
3918
3434
2363
7898
1049
206
243
1079
5618
7727
3421
1647
1381
989
7560
6609
3215
5697
5400
1314
7459
5193
668
1165
3475
7967
2552
4280
7977
7452
1949
3976
3805
581
99
4033
1611
5281
896
444
3655
5351
6079
651
4115
4595
2395
266
5253
6211
780
631
4034
234
6638
1698
6109
4794
3792
6360
6163
7874
2034
7666
4359
3789
6042
6902
6732
5687
5741
1594
5656
6822
4388
5583
7916
837
2534
7269
5591
6138
1435
653
5305
681
7795
4146
2981
972
832
6657
6235
6745
7217
6185
7928
5330
4228
4076
5631
6048
2204
2968
3798
3018
2777
4750
1525
6515
476
5900
3416
2665
688
3245
7169
5398
7004
7899
1135
4518
4218
1975
7074
1976
1516
7676
5314
600
782
5955
7197
5601
5972
7838
4542
5382
7897
7554
5190
7687
1247
3666
1988
3982
1346
3983
49
3373
7739
2098
6531
3744
6893
7829
3125
4791
7879
6357
7397
3994
3229
1745
7228
7392
1969
4849
3608
3578
2825
1896
7148
5117
2455
808
4736
7350
4799
451
7268
6453
7417
2622
7953
3525
1632
7713
5052
1538
3376
5247
6525
6734
1476
2415
4406
7568
3459
5646
376
4387
915
6245
172
7362
2296
3079
1819
2850
6941
5205
1153
627
6562
6701
6669
6719
585
6618
6303
830
5645
3198
2409
7587
4266
5468
5853
7886
7893
1202
4008
7520
1474
7927
2619
3737
1791
4954
436
3621
5005
913
2807
2232
2816
6942
474
7017
7388
6812
2771
590
2461
2414
3487
1228
2652
7747
2826
6022
2354
7289
1186
669
7614
1774
1539
7285
1413
864
3669
988
6216
7091
2942
3216
7043
1224
3155
3138
7744
722
5813
7673
5783
286
5692
7323
7525
3853
778
7446
3504
457
7632
7966
7072
6419
6755
7664
6052
480
7963
3029
5927
3334
6406
3003
1806
2582
7984
3186
3542
358
1078
7131
5320
7503
1180
4560
1072
1066
2353
7616
5456
1213
4692
454
1208
5941
7342
6667
6656
1155
7706
7743
3258
5782
7180
7779
5552
4548
7959
3168
3851
5249
7428
7475
2074
6131
5396
761
6984
3214
1928
1711
7003
2997
4631
3510
7891
4386
1763
5061
5181
1246
638
2321
1310
3868
7971
2554
3802
4101
4971
1857
6788
7937
7958
4451
5850
2971
7883
3671
4640
890
3291
3501
7913
1991
4835
346
7088
4200
4775
6807
4466
1659
1302
5527
4881
3040
6141
7374
7761
6457
3837
990
4434
7902
7773
809
2139
826
1773
7242
2803
2591
5962
5191
5758
794
7019
2949
4634
3553
647
5405
122
819
4673
6362
7306
617
4014
3998
1449
929
7941
2481
5256
350
368
5010
6352
7949
164
854
4726
6557
3526
6117
442
3515
6862
3221
4402
565
7746
7745
7979
5830
3958
5296
4990
4347
2793
2641
165
3915
3057
1674
1140
3722
146
1929
6214
1273
2107
1980
5022
3567
4175
6311
4630
269
189
7752
884
6341
3989
7890
7691
6612
4279
7870
6268
6721
6261
322
7212
619
133
1045
2761
578
4463
4666
7973
1758
5561
7942
6302
7214
7837
2778
7005
6800
6915
4161
7888
7756
5765
4776
2312
642
4767
7926
335
3301
2683
2156
3038
7933
464
4578
7621
6621
7170
4525
7543
183
2445
4475
1076
5875
3324
3095
2733
2857
940
1948
6608
6558
3097
7457
4071
5126
469
7432
5996
1460
7062
3285
3893
6
7613
544
4691
1811
7939
7395
987
1936
584
6963
6880
1146
657
4332
7920
7954
4912
6054
686
258
2367
6242
3051
1812
3182
439
80
7968
7915
7508
1062
7821
2421
7770
4447
6385
1320
2120
4745
3254
7141
2061
2173
7832
6315
384
4891
2984
5926
7373
6455
188
4527
3921
1890
418
2631
7493
1885
7670
2328
7210
1138
7964
3321
4313
6380
6852
1804
6491
6810
3644
4710
3845
46
6493
5481
7946
6468
2830
3154
816
7919
4293
6619
63
1017
1194
6566
5834
2854
4609
2370
3348
1458
7940
4395
7636
2322
7936
934
1629
5346
7924
5227
1477
6119
5493
7416
1120
4774
3055
3935
5569
3841
1871
4020
560
5463
6700
5068
4000
5035
4853
1781
1653
2549
7952
756
2096
7825
4052
2311
2839
1402
1444
7480
7991
3924
4629
1598
1640
2109
662
4980
3919
4845
344
1573
921
4790
261
4568
3061
2880
2661
403
5439
757
2976
7530
2411
1201
3358
3034
3829
1178
7276
5637
213
3377
7319
493
981
6110
4307
3603
3320
2828
4068
4127
7402
5185
3564
5766
2142
4555
1624
7852
6860
917
4318
6249
1094
6316
2428
5586
5239
7151
7980
7990
7420
7970
2230
7583
3934
6113
1323
7697
2046
1097
7695
7331
4653
812
5528
7853
6507
4336
1883
6720
6168
5350
7647
7799
2894
285
2058
2503
7505
6262
2975
275
5381
7353
6439
5809
4484
5907
3493
7427
2732
2766
6874
1039
1934
4812
3739
6436
691
4430
2205
2466
3598
2101
6270
6203
5563
5268
7961
84
3566
2303
5841
6312
1282
7055
6768
4288
6906
6725
1524
2301
4533
95
3484
5352
4871
6727
4622
4886
7847
2700
4788
3180
3591
5683
5726
2504
1861
2978
3176
3777
3453
4270
3298
1457
5099
2632
7537
6565
2195
2307
1374
7710
6823
5159
2945
1440
658
1623
2281
2892
56
3126
7255
7050
6867
4282
7827
2385
89
225
3899
1776
6952
5890
5874
6094
6614
7957
1238
3111
5016
5443
6240
7390
7995
646
6234
7986
6765
1057
5750
2765
838
665
5893
426
4612
1802
1960
1425
6097
5030
6819
6796
6815
2189
6462
4103
1646
2262
512
4436
2731
4003
7981
7859
3047
6783
7186
2496
3008
4462
5846
2477
5934
7617
1785
4367
4168
2077
259
3032
1133
4817
3437
4062
6818
5913
3751
7905
6680
7923
3730
5418
5958
5064
3959
6643
7502
615
7887
6824
1962
5433
4918
725
3024
5746
630
4417
6034
7960
2072
94
2001
5141
7022
2935
7880
3206
69
3728
3312
2947
1924
429
4170
1856
927
7889
7451
4973
6036
7999
3122
2736
3350
4090
7688
7904
4376
7611
4681
7479
2951
2797
3165
6308
7343
4944
1404
1118
5426
6393
781
1447
660
7947
2024
2818
5762
4502
6552
5165
5921
4859
3569
5466
1766
7324
1170
979
4201
1055
2294
3706
1865
1188
6283
6997
751
7994
1415
616
4247
2364
3505
3297
123
5385
7969
1008
6154
4342
5535
7998
4901
7563
7806
4254
6770
1134
332
5491
1015
7993
3533
6425
7235
1572
7951
7955
5215
3541
7606
2278
7711
3212
6366
2310
7105
7878
2501
1737
5623
6751
3243
7704
2530
7253
6992
4031
7501
1046
3800
4756
6014
173
242
6795
7935
5329
4602
6670
4215
5140
6354
6195
1526
6977
888
2031
5469
5322
6516
18
4695
6784
2934
1691
6901
2846
7377
687
6975
5434
2162
3611
5318
4985
6450
6676
7844
4289
7866
3169
6057
7724
5718
821
217
1562
401
3281
2037
7272
2832
6145
7143
3064
2754
3279
2507
359
804
2707
4857
4450
7729
7542
7840
798
4054
7802
7972
7932
6803
5442
7585
7735
541
7989
5317
7476
96
7965
5259
7648
3809
4938
7720
4124
5621
1628
730
3062
5693
3812
3755
7983
1750
7226
7386
4951
6390
2518
3340
7541
7122
5358
7645
2172
7651
287
4186
1428
3647
7702
7807
3448
1519
141
5978
1570
2583
6238
3892
7930
7872
4237
481
7618
7956
3682
7111
5319
7294
7166
4303
5929
3816
6983
1778
652
365
3152
3544
7804
7344
7510
7753
7997
301
7790
7996
2702
7826
7906
1801
6065
4874
880
5696
2863
1040
4271
7454
3173
7975
7985
4272
7943
6246
1718
5587
2168
2757
5816
1130
3323
2730
3435
6730
3674
7894
5149
1964
6437
2706
1919
207
5031
4007
2182
6007
2983
735
2313
545
7658
2329
2788
1915
7833
1127
373
4375
5473
7900
5879
4490
2348
2817
5148
3361
3629
3836
7817
7430
7281
2866
6625
7938
3455
3331
3718
4763
360
5502
7764
3397
3754
5577
4492
4899
976
2241
7305
2716
2088
1384