924
480
65
40
191
367
908
666
896
45
138
7
544
838
317
899
405
863
685
0
440
792
943
811
522
263
55
882
801
779
670
150
243
563
108
328
623
53
481
610
552
597
681
815
396
682
718
776
505
936
550
248
402
337
763
697
513
462
699
751
475
374
359
903
593
736
719
729
464
817
499
598
198
210
558
234
329
262
290
712
312
473
762
567
690
302
793
401
765
809
750
621
429
147
353
288
782
109
388
576
85
408
501
261
212
711
989
131
646
662
74
969
31
612
890
566
720
713
107
158
798
178
324
687
375
274
78
584
747
888
691
775
308
299
878
393
201
745
812
531
451
289
220
300
435
238
877
638
588
799
469
416
382
71
93
893
585
928
594
627
556
68
851
282
357
974
223
258
772
124
232
460
360
272
546
350
845
38
247
917
864
123
727
958
136
976
668
207
73
647
744
437
431
231
560
441
879
511
466
253
200
901
478
461
41
21
954
362
412
346
430
551
987
561
714
292
996
829
650
709
64
565
121
277
642
230
580
676
414
307
180
918
157
800
674
225
364
541
155
663
46
15
105
939
254
559
904
305
498
217
222
199
87
179
825
564
821
892
92
349
195
872
182
116
760
575
334
298
129
570
110
267
327
548
774
933
678
176
947
42
503
549
434
459
5
474
304
423
264
850
669
870
174
12
810
75
95
372
757
185
268
192
716
707
881
378
635
205
971
886
202
34
221
658
608
310
184
985
309
675
392
218
303
596
824
625
344
315
156
654
618
127
389
422
641
186
582
338
569
591
484
909
20
395
413
749
724
756
86
648
468
897
400
140
278
269
489
951
545
694
9
859
978
876
479
814
942
581
139
240
439
363
957
494
929
318
543
834
111
19
25
70
251
145
836
79
738
916
517
118
376
271
379
865
557
759
626
634
839
948
237
867
132
795
30
520
786
708
860
91
533
526
420
794
823
84
671
953
964
455
61
181
710
193
62
141
818
925
168
828
233
639
211
80
333
628
294
331
696
553
816
345
172
767
624
652
611
283
28
530
341
425
454
44
391
458
686
723
81
386
456
394
39
48
339
986
94
509
161
907
637
153
579
366
410
905
295
961
614
340
104
752
721
728
488
203
926
381
98
130
725
175
514
692
270
135
761
822
352
932
424
672
539
444
17
496
577
260
866
399
535
636
640
973
732
849
991
206
504
604
63
442
436
702
26
980
244
664
746
705
214
463
562
102
777
592
16
37
921
962
89
952
568
940
735
287
387
791
857
249
100
373
279
873
754
683
477
96
36
994
803
922
944
780
923
661
66
119
603
875
22
555
538
281
43
673
23
617
4
106
403
50
525
734
58
326
755
979
417
286
297
739
547
276
239
421
966
101
433
10
125
476
758
82
133
103
450
314
165
500
355
114
426
643
820
741
196
227
293
595
601
209
397
701
665
722
528
486
715
700
789
330
946
257
418
321
18
941
255
684
472
117
862
128
806
992
83
586
204
143
600
398
266
970
495
518
35
615
427
523
54
540
361
47
13
689
29
27
453
950
871
419
554
259
519
645
889
492
348
14
766
885
743
808
677
342
404
620
72
988
365
960
226
706
619
432
915
869
529
843
358
578
90
3
846
411
183
956
343
470
534
783
731
447
322
653
968
371
955
467
935
208
704
868
311
912
914
607
983
521
629
884
938
874
448
471
883
415
323
390
215
602
573
325
703
60
32
990
965
142
406
194
906
235
351
832
847
306
245
77
51
144
2
380
583
748
606
56
506
162
963
855
891
197
833
465
291
508
236
67
827
644
819
688
275
169
975
844
764
332
445
773
24
512
493
680
163
861
609
590
726
769
229
510
219
768
900
487
913
497
166
649
945
655
6
170
148
126
368
854
377
831
97
33
778
354
788
902
177
113
931
49
842
797
631
802
187
515
228
301
613
52
937
927
742
830
599
982
959
164
898
59
630
99
280
536
587
524
241
807
8
137
805
771
835
977
527
910
490
313
737
265
972
320
887
284
837
516
998
796
790
152
149
895
622
920
787
446
88
449
571
443
911
407
242
542
296
698
485
502
112
852
335
167
804
252
154
894
1
151
679
409
997
370
369
967
660
695
57
171
841
730
482
507
285
740
122
572
930
995
657
880
856
347
984
189
826
428
981
190
999
993
853
605
246
188
457
159
632
173
356
919
656
934
76
785
589
384
383
781
115
667
316
693
651
385
717
753
250
160
134
273
616
633
574
659
491
537
840
224
120
532
69
213
813
784
319
438
452
11
146
483
733
336
256
858
848
770
216
949